A1
AARON
0.193769246241 0.387538492481 0.265283709701 0.265283709701 0.265283709701 0.193769246241 0.387538492481 0.387538492481 0.265283709701 0.0715144634603 0.387538492481 0.193769246241 0.0 0.0 0.0 0.0 0.0 0.0 0.0 0.0 0.0 0.0 0.0 0.0 0.0 0.0 0.0 0.0 0.0 0.0 0.0 0.0 0.0 0.0 0.0 0.0 0.0 0.0 0.0 0.0 0.0 0.0 0.0 0.0 0.0 0.0 0.0 0.0 0.0 0.0 0.0 0.0 0.0 0.0 0.0 0.0 0.0 0.0 0.0 0.0 0.0 0.0 0.0 0.0 0.0 0.0 0.0 0.0 0.0 0.0 0.0 0.0 0.0 0.0 0.0 0.0 0.0 0.0 0.0 0.0 0.0 0.0 0.0 0.0

A2
AARON
0.158293423577 0.0 0.0 0.0 0.0 0.0 0.0 0.0 0.0 0.0 0.0 0.158293423577 0.316586847154 0.216714816425 0.316586847154 0.316586847154 0.316586847154 0.316586847154 0.316586847154 0.0846911731099 0.216714816425 0.216714816425 0.316586847154 0.316586847154 0.0 0.0 0.0 0.0 0.0 0.0 0.0 0.0 0.0 0.0 0.0 0.0 0.0 0.0 0.0 0.0 0.0 0.0 0.0 0.0 0.0 0.0 0.0 0.0 0.0 0.0 0.0 0.0 0.0 0.0 0.0 0.0 0.0 0.0 0.0 0.0 0.0 0.0 0.0 0.0 0.0 0.0 0.0 0.0 0.0 0.0 0.0 0.0 0.0 0.0 0.0 0.0 0.0 0.0 0.0 0.0 0.0 0.0 0.0 0.0

A3
AARON
0.21359000132 0.0 0.292419715742 0.0 0.0 0.0 0.0 0.0 0.0 0.078829714422 0.0 0.0 0.0 0.292419715742 0.0 0.0 0.0 0.0 0.0 0.114276306416 0.0 0.0 0.0 0.0 0.21359000132 0.427180002641 0.427180002641 0.427180002641 0.292419715742 0.292419715742 0.0 0.0 0.0 0.0 0.0 0.0 0.0 0.0 0.0 0.0 0.0 0.0 0.0 0.0 0.0 0.0 0.0 0.0 0.0 0.0 0.0 0.0 0.0 0.0 0.0 0.0 0.0 0.0 0.0 0.0 0.0 0.0 0.0 0.0 0.0 0.0 0.0 0.0 0.0 0.0 0.0 0.0 0.0 0.0 0.0 0.0 0.0 0.0 0.0 0.0 0.0 0.0 0.0 0.0

M1
MILES
0.0 0.0 0.0 0.0 0.0 0.0 0.0 0.0 0.208366937361 0.056170994235 0.0 0.0 0.0 0.0 0.0 0.0 0.0 0.0 0.0 0.0814288596118 0.0 0.0 0.0 0.0 0.152195943126 0.0 0.0 0.0 0.0 0.0 0.152195943126 0.304391886252 0.304391886252 0.304391886252 0.152195943126 0.304391886252 0.304391886252 0.304391886252 0.304391886252 0.208366937361 0.304391886252 0.304391886252 0.0 0.0 0.0 0.0 0.0 0.0 0.0 0.0 0.0 0.0 0.0 0.0 0.0 0.0 0.0 0.0 0.0 0.0 0.0 0.0 0.0 0.0 0.0 0.0 0.0 0.0 0.0 0.0 0.0 0.0 0.0 0.0 0.0 0.0 0.0 0.0 0.0 0.0 0.0 0.0 0.0 0.0

M2
MILES
0.0 0.0 0.0 0.0 0.0 0.18102170303 0.0 0.0 0.0 0.0 0.0 0.0 0.0 0.0 0.0 0.0 0.0 0.0 0.0 0.193702808891 0.247831427576 0.0 0.0 0.0 0.0 0.0 0.0 0.0 0.247831427576 0.247831427576 0.18102170303 0.0 0.0 0.0 0.18102170303 0.0 0.0 0.0 0.0 0.247831427576 0.0 0.0 0.247831427576 0.36204340606 0.36204340606 0.36204340606 0.18102170303 0.36204340606 0.0 0.0 0.0 0.0 0.0 0.0 0.0 0.0 0.0 0.0 0.0 0.0 0.0 0.0 0.0 0.0 0.0 0.0 0.0 0.0 0.0 0.0 0.0 0.0 0.0 0.0 0.0 0.0 0.0 0.0 0.0 0.0 0.0 0.0 0.0 0.0

M3
MILES
0.0 0.0 0.0 0.0 0.0 0.146849738972 0.0 0.0 0.0 0.0 0.0 0.146849738972 0.0 0.0 0.0 0.0 0.0 0.0 0.0 0.0 0.0 0.402095216645 0.0 0.0 0.146849738972 0.0 0.0 0.0 0.0 0.0 0.146849738972 0.0 0.0 0.0 0.146849738972 0.0 0.0 0.0 0.0 0.0 0.0 0.0 0.201047608323 0.0 0.0 0.0 0.0 0.0 0.293699477944 0.293699477944 0.293699477944 0.293699477944 0.293699477944 0.293699477944 0.293699477944 0.293699477944 0.0 0.0 0.0 0.0 0.0 0.0 0.0 0.0 0.0 0.0 0.0 0.0 0.0 0.0 0.0 0.0 0.0 0.0 0.0 0.0 0.0 0.0 0.0 0.0 0.0 0.0 0.0 0.0

B1
BARNEY
0.0 0.0 0.0 0.180283541134 0.0 0.0 0.0 0.0 0.0 0.0486003483948 0.0 0.0 0.0 0.0 0.0 0.0 0.0 0.0 0.0 0.070453994992 0.0 0.0 0.0 0.0 0.0 0.0 0.0 0.0 0.0 0.0 0.0 0.0 0.0 0.0 0.0 0.0 0.0 0.0 0.0 0.0 0.0 0.0 0.0 0.0 0.0 0.0 0.0 0.0 0.0 0.0 0.0 0.0 0.0 0.0 0.0 0.0 0.131683192739 0.263366385479 0.263366385479 0.180283541134 0.180283541134 0.180283541134 0.263366385479 0.526732770958 0.263366385479 0.263366385479 0.263366385479 0.263366385479 0.180283541134 0.180283541134 0.131683192739 0.0 0.0 0.0 0.0 0.0 0.0 0.0 0.0 0.0 0.0 0.0 0.0 0.0

B2
BARNEY
0.0 0.0 0.0 0.0 0.0 0.0 0.0 0.0 0.0 0.062713357471 0.0 0.0 0.0 0.0 0.0 0.0 0.0 0.0 0.0 0.0 0.0 0.0 0.0 0.0 0.0 0.0 0.0 0.0 0.0 0.0 0.0 0.0 0.0 0.0 0.0 0.0 0.0 0.0 0.0 0.0 0.0 0.0 0.0 0.0 0.0 0.0 0.169922550186 0.0 0.0 0.0 0.0 0.0 0.0 0.0 0.0 0.0 0.169922550186 0.0 0.0 0.0 0.232635907657 0.232635907657 0.0 0.0 0.0 0.0 0.0 0.0 0.0 0.0 0.169922550186 0.339845100373 0.232635907657 0.339845100373 0.339845100373 0.339845100373 0.339845100373 0.232635907657 0.339845100373 0.0 0.0 0.0 0.0 0.0

B3
BARNEY
0.0 0.0 0.0 0.0 0.229870201224 0.0 0.0 0.0 0.0 0.18590335748 0.0 0.0 0.0 0.0 0.0 0.0 0.0 0.0 0.0 0.0 0.0 0.0 0.0 0.0 0.0 0.0 0.0 0.0 0.0 0.0 0.0 0.0 0.0 0.0 0.0 0.0 0.0 0.0 0.0 0.0 0.0 0.0 0.0 0.0 0.0 0.0 0.167902415397 0.0 0.0 0.0 0.0 0.0 0.0 0.0 0.0 0.0 0.167902415397 0.0 0.0 0.229870201224 0.0 0.0 0.0 0.0 0.0 0.0 0.0 0.0 0.229870201224 0.229870201224 0.167902415397 0.0 0.229870201224 0.0 0.0 0.0 0.0 0.229870201224 0.0 0.335804830795 0.335804830795 0.335804830795 0.335804830795 0.335804830795

