I1
INTERNET
0.249973968888 0.323086667867 0.323086667867 0.448073652311 0.323086667867 0.448073652311 0.198099683422 0.249973968888 0.323086667867 0.0328758771902 0.124986984444 0.0 0.0 0.0 0.0 0.0 0.0 0.0 0.0 0.0 0.0 0.0 0.0 0.0 0.0 0.0 0.0 0.0 0.0 0.0 0.0 0.0 0.0 0.0 0.0 0.0 0.0 0.0 0.0 0.0 0.0 0.0 0.0 0.0 0.0 0.0 0.0 0.0 0.0 0.0 0.0 0.0 0.0 0.0 0.0 0.0 0.0 0.0 0.0 0.0 0.0 0.0 0.0 0.0 0.0 0.0

I2
INTERNET
0.0 0.0 0.0 0.0 0.0 0.0 0.16580787417 0.209226242381 0.0 0.0275168501747 0.10461312119 0.750068233102 0.375034116551 0.375034116551 0.27042099536 0.0 0.0 0.0 0.0 0.0 0.0 0.0 0.0 0.0 0.0 0.0 0.0 0.0 0.0 0.0 0.0 0.0 0.0 0.0 0.0 0.0 0.0 0.0 0.0 0.0 0.0 0.0 0.0 0.0 0.0 0.0 0.0 0.0 0.0 0.0 0.0 0.0 0.0 0.0 0.0 0.0 0.0 0.0 0.0 0.0 0.0 0.0 0.0 0.0 0.0 0.0

I3
INTERNET
0.0 0.0 0.0 0.0 0.0 0.0 0.181666260909 0.0 0.0 0.0301486482971 0.114618649228 0.0 0.0 0.0 0.0 0.296284910137 0.410903559365 0.410903559365 0.144767297525 0.410903559365 0.410903559365 0.410903559365 0.0 0.0 0.0 0.0 0.0 0.0 0.0 0.0 0.0 0.0 0.0 0.0 0.0 0.0 0.0 0.0 0.0 0.0 0.0 0.0 0.0 0.0 0.0 0.0 0.0 0.0 0.0 0.0 0.0 0.0 0.0 0.0 0.0 0.0 0.0 0.0 0.0 0.0 0.0 0.0 0.0 0.0 0.0 0.0

I4
INTERNET
0.0 0.0 0.0 0.0 0.0 0.0 0.0 0.19146286961 0.0 0.0503613221472 0.0957314348052 0.0 0.0 0.0 0.247462169112 0.0 0.0 0.0 0.0 0.0 0.0 0.0 0.343193603917 0.247462169112 0.343193603917 0.686387207834 0.247462169112 0.247462169112 0.0 0.0 0.0 0.0 0.0 0.0 0.0 0.0 0.0 0.0 0.0 0.0 0.0 0.0 0.0 0.0 0.0 0.0 0.0 0.0 0.0 0.0 0.0 0.0 0.0 0.0 0.0 0.0 0.0 0.0 0.0 0.0 0.0 0.0 0.0 0.0 0.0 0.0

E1
ECONOMY
0.0 0.0 0.0 0.0 0.0 0.0 0.0 0.0 0.0 0.0320002953912 0.0 0.0 0.0 0.0 0.0 0.0 0.0 0.0 0.307317013892 0.0 0.0 0.0 0.0 0.314481914774 0.0 0.0 0.314481914774 0.314481914774 0.192823703219 0.436140126329 0.436140126329 0.436140126329 0.0 0.0 0.0 0.0 0.0 0.0 0.0 0.0 0.0 0.0 0.0 0.0 0.0 0.0 0.0 0.0 0.0 0.0 0.0 0.0 0.0 0.0 0.0 0.0 0.0 0.0 0.0 0.0 0.0 0.0 0.0 0.0 0.0 0.0

E2
ECONOMY
0.0 0.0 0.0 0.0 0.0 0.0 0.0 0.0 0.249070603603 0.0506886565752 0.0 0.0 0.0 0.0 0.0 0.0 0.0 0.0 0.121697990491 0.0 0.0 0.0 0.0 0.0 0.0 0.0 0.0 0.0 0.1527169414 0.0 0.0 0.0 0.345424265807 0.345424265807 0.345424265807 0.345424265807 0.249070603603 0.345424265807 0.345424265807 0.345424265807 0.0 0.0 0.0 0.0 0.0 0.0 0.0 0.0 0.0 0.0 0.0 0.0 0.0 0.0 0.0 0.0 0.0 0.0 0.0 0.0 0.0 0.0 0.0 0.0 0.0 0.0

E3
ECONOMY
0.0 0.0 0.0 0.0 0.0 0.0 0.0 0.0 0.0 0.0368286801706 0.0 0.0 0.0 0.0 0.0 0.361932717092 0.0 0.0 0.176843367808 0.0 0.0 0.0 0.0 0.0 0.0 0.0 0.0 0.0 0.221918029455 0.0 0.0 0.0 0.0 0.0 0.0 0.0 0.0 0.0 0.0 0.0 0.501947404729 0.501947404729 0.501947404729 0.176843367808 0.0 0.0 0.0 0.0 0.0 0.0 0.0 0.0 0.0 0.0 0.0 0.0 0.0 0.0 0.0 0.0 0.0 0.0 0.0 0.0 0.0 0.0

E4
ECONOMY
0.236768176327 0.306018428584 0.0 0.0 0.306018428584 0.0 0.0 0.0 0.0 0.0311390882902 0.0 0.0 0.0 0.0 0.0 0.0 0.0 0.0 0.0 0.0 0.0 0.0 0.0 0.0 0.0 0.0 0.0 0.0 0.187634340421 0.0 0.0 0.0 0.0 0.0 0.0 0.0 0.0 0.0 0.0 0.0 0.0 0.0 0.0 0.0 0.424402516748 0.424402516748 0.424402516748 0.424402516748 0.0 0.0 0.0 0.0 0.0 0.0 0.0 0.0 0.0 0.0 0.0 0.0 0.0 0.0 0.0 0.0 0.0 0.0

U1
UNIVERSITY
0.247536189024 0.0 0.0 0.0 0.0 0.0 0.0 0.0 0.0 0.0 0.0 0.0 0.0 0.0 0.0 0.0 0.0 0.0 0.156323361713 0.0 0.0 0.0 0.0 0.0 0.0 0.0 0.0 0.0 0.0 0.0 0.0 0.0 0.0 0.0 0.0 0.0 0.3199358831 0.0 0.0 0.0 0.0 0.0 0.0 0.156323361713 0.0 0.0 0.0 0.0 0.443703977612 0.443703977612 0.443703977612 0.443703977612 0.0 0.0 0.0 0.0 0.0 0.0 0.0 0.0 0.0 0.0 0.0 0.0 0.0 0.0

U2
UNIVERSITY
0.0 0.0 0.0 0.0 0.0 0.0 0.0 0.0 0.0 0.0 0.164819872605 0.0 0.0 0.0 0.0 0.0 0.0 0.0 0.0 0.0 0.0 0.0 0.0 0.0 0.0 0.0 0.0 0.0 0.0 0.0 0.0 0.0 0.0 0.0 0.0 0.0 0.0 0.0 0.0 0.0 0.0 0.0 0.0 0.208173169865 0.0 0.0 0.0 0.0 0.0 0.0 0.0 0.0 0.32963974521 0.426053190058 0.426053190058 0.590873062663 0.32963974521 0.0 0.0 0.0 0.0 0.0 0.0 0.0 0.0 0.0

U3
UNIVERSITY
0.0 0.0 0.0 0.0 0.0 0.0 0.166331739602 0.0 0.0 0.0276037889083 0.104943643478 0.0 0.0 0.0 0.0 0.0 0.0 0.0 0.0 0.0 0.0 0.0 0.0 0.0 0.0 0.0 0.0 0.0 0.0 0.0 0.0 0.0 0.0 0.0 0.0 0.0 0.0 0.0 0.0 0.0 0.0 0.0 0.0 0.132547432386 0.0 0.0 0.0 0.0 0.0 0.0 0.0 0.0 0.209887286956 0.27127538308 0.27127538308 0.0 0.209887286956 0.376219026557 0.376219026557 0.376219026557 0.376219026557 0.376219026557 0.0 0.0 0.0 0.0

U4
UNIVERSITY
0.0 0.0 0.314040615731 0.0 0.0 0.0 0.0 0.0 0.0 0.031955390743 0.0 0.0 0.0 0.0 0.0 0.0 0.0 0.0 0.0 0.0 0.0 0.0 0.0 0.0 0.0 0.0 0.0 0.0 0.0 0.0 0.0 0.0 0.0 0.0 0.0 0.0 0.0 0.0 0.0 0.0 0.0 0.0 0.0 0.153442884524 0.0 0.0 0.0 0.0 0.0 0.0 0.0 0.0 0.242974987562 0.0 0.0 0.0 0.242974987562 0.0 0.0 0.0 0.0 0.0 0.435528109512 0.435528109512 0.435528109512 0.435528109512

